tile 1 4 -.5 0 2 .5 0 2 .5 0 -2 -.5 0 -2 0 0 0 0
tee 1 0 0 1.75
cup 1 0 0 -1.75

tile 1 5 -2.5 0 2.5 -0.5 0 2.5 -0.5 0 1.5 -1.5 0 0.5 -2.5 0 0.5 0 2 4 7 0
tile 2 4 -0.5 0 2.5 0.5 0 2.5 0.5 0 1.5 -0.5 0 1.5 0 3 5 1
tile 3 5 0.5 0 2.5 2.5 0 2.5 2.5 0 0.5 1.5 0 0.5 0.5 0 1.5 0 0 11 6 2
tile 4 3 -0.5 0 1.5 -0.5 0.5 0.5 -1.5 0 0.5 5 8 1
tile 5 4 -0.5 0 1.5 0.5 0 1.5 0.5 0.5 0.5 -0.5 0.5 0.5 2 6 9 4
tile 6 3 0.5 0 1.5 1.5 0.0 0.5 0.5 0.5 0.5 3 10 5
tile 7 4 -2.5 0 0.5 -1.5 0 0.5 -1.5 0 -0.5 -2.5 0 -0.5 1 8 15 0
tile 8 4 -1.5 0 0.5 -0.5 0.5 0.5 -0.5 0.5 -0.5 -1.5 0 -0.5 4 9 12 7
tile 9 4 -0.5 0.5 0.5 0.5 0.5 0.5 0.5 0.5 -0.5 -0.5 0.5 -0.5 5 10 13 8
tile 10 4 0.5 0.5 0.5 1.5 0 0.5 1.5 0 -0.5 0.5 0.5 -0.5 6 11 14 9
tile 11 4 1.5 0 0.5 2.5 0 0.5 2.5 0 -0.5 1.5 0 -0.5 3 0 17 10
tile 12 3 -1.5 0 -0.5 -0.5 0.5 -0.5 -0.5 0 -1.5 8 13 15
tile 13 4 -0.5 0.5 -0.5 0.5 0.5 -0.5 0.5 0 -1.5 -0.5 0 -1.5 9 14 16 12
tile 14 3 0.5 0.5 -0.5 1.5 0 -0.5 0.5 0 -1.5 10 17 13
tile 15 5 -2.5 0 -0.5 -1.5 0 -0.5 -0.5 0 -1.5 -0.5 0 -2.5 -2.5 0 -2.5 7 12 16 0 0
tile 16 4 -0.5 0 -1.5 0.5 0 -1.5 0.5 0 -2.5 -0.5 0 -2.5 13 17 0 15
tile 17 5 1.5 0 -0.5 2.5 0 -0.5 2.5 0 -2.5 0.5 0 -2.5 0.5 0 -1.5 11 0 0 16 14
cup 9 0 0.5 0
tee 1 -2.25 0 2.0

tile 1 4 -1 0 2.0 1 0 2.0 1 0 1.6 -1 0 1.6 0 0 2 0
tile 2 4 -1 0 1.6 1 0 1.6 1 0.2 1.2 -1 0.2 1.2 1 0 3 0
tile 3 4 -1 0.2 1.2 1 0.2 1.2 1 0.2 0.6 -1 0.2 0.6 2 0 4 0
tile 4 4 -1 0.2 0.6 1 0.2 0.6 1 0 0.2 -1 0 0.2 3 0 5 0
tile 5 4 -1 0 0.2 1 0 0.2 1 0 -0.2 -1 0 -0.2 4 0 6 0
tile 6 4 -1 0 -0.2 1 0 -0.2 1 0.2 -0.6 -1 0.2 -0.6 5 0 7 0
tile 7 4 -1 0.2 -0.6 1 0.2 -0.6 1 0.2 -1.2 -1 0.2 -1.2 6 0 8 0
tile 8 4 -1 0.2 -1.2 1 0.2 -1.2 1 0 -1.6 -1 0 -1.6 7 0 9 0
tile 9 4 -1 0 -1.6 1 0 -1.6 1 0 -2.0 -1 0 -2.0 8 0 0 0
tee 1 -0.75 0 1.8
cup 8 0.75 0.1 -1.4